data_alligator = [19.284288
17.510464
11.565419
16.183887
17.584726
10.254180
13.952274
10.182170
17.297710
10.792982
10.788104
10.966030
21.742661
15.601029
17.623655
14.980645
12.623298
16.413996
7.230810
18.275789
18.335529
20.583294
19.900620
16.575333
19.706715
9.140058
16.593153
8.433687
5.087770
18.692705
19.346487
20.706572
9.800685
15.100752
15.651985
18.026695
15.519965
20.419703
15.106231
15.976936
20.179255
15.849421
19.010675
18.676706
18.544230
16.169388
19.548798
21.693409
13.376238
21.820660
12.281820
14.723975
18.425295
19.397854
18.966867
22.845129
22.694370
11.841619
13.715682
9.357939
7.922142
16.170689
20.866217
18.161350
19.085936
24.752436
17.857798
20.760092
14.005356
18.755457
12.861278
14.686376
21.720743
22.779602
12.854515
11.046265
8.695769
16.391308
17.168880
17.317083
12.906037
11.407985
11.257138
13.999851
16.342754
15.077564
15.713801
23.014376
12.153582
11.306433
17.068262
22.812885
14.011848
24.091850
13.938996
23.398314
16.016331
18.126427
22.811890
14.648396
10.251429
15.926636
10.476334
18.159523
15.874227
17.183491
21.336668
15.561287
16.721661
14.437883
23.727297
14.811342
16.805870
15.783696
15.931323
17.109474
12.846991
13.637346
18.092375
17.525673
16.530209
12.787180
19.436430
14.427007
22.735477
15.420506
21.221245
10.032397
20.159655
10.635335
8.305137
16.218096
18.205656
24.092287
17.470232
15.983706
14.554756
24.165752
16.353024
14.748069
14.843562
17.532452
22.722862
18.651253
20.759256
13.531154
14.189975
16.994516
14.896688
17.486670
14.789110
10.982436
17.433109
17.844910
16.727140
23.676899
21.545828
15.780115
17.231899
];


data_cat=[6.496547
17.765160
10.792191
9.123006
12.277803
11.224809
6.403865
18.737995
3.571131
12.004534
8.941061
17.814724
10.084914
4.112162
6.220520
16.453403
11.069982
10.657322
12.891318
2.508559
11.397008
16.926672
11.589520
7.205760
11.005182
14.980905
15.488278
11.577895
4.801847
12.145099
12.456059
20.342800
12.833689
16.575487
18.791424
17.036432
9.977559
13.461365
11.853468
11.085050
8.639435
14.623353
18.262104
11.739530
9.114906
11.577342
17.015329
10.662485
17.234285
16.024792
11.676973
15.587742
8.542014
16.970045
18.259336
14.818975
14.721840
17.343798
18.634373
4.500971
8.338339
12.199349
17.689878
14.472129
17.627291
6.591826
18.698252
17.629784
5.347525
16.043364
14.357038
10.522655
3.262231
15.442489
15.291953
8.998140
19.711615
15.878507
16.831732
19.064152
4.942868
8.064890
12.305794
16.800180
6.687506
16.587383
17.829435
14.038819
13.267260
10.422180
16.387346
15.526148
17.468245
14.598511
4.483361
3.190179
3.684247
10.645701
16.675478
14.604765
12.376843
13.570790
13.024851
12.417298
15.883951
5.658477
17.985800
16.402603
18.200708
17.189556
12.055099
16.045967
17.346865
14.351910
11.091008
4.687438
11.985302
17.526464
17.421461
18.320757
10.756242
15.403627
13.255071
18.743418
11.873738
12.322849
14.132154
14.684834
7.177222
12.693212
8.753818
5.858088
13.135374
5.149035
18.865433
14.537107
4.140761
7.387157
12.704349
19.830067
17.180500
14.071000
13.941933
15.502133
13.837070
9.474793
5.557100
7.812956
15.784780
];

data_snake=[13.968323
18.384954
15.297571
18.348925
3.615126
14.901592
2.309761
18.478712
9.002488
8.874059
15.521320
13.868327
12.709039
18.292017
17.806953
19.395998
10.661440
10.613235
17.946657
16.735477
10.125793
2.200753
17.430201
17.024469
16.072821
3.798901
-0.029712
8.076478
16.978668
18.616684
10.070262
19.283039
17.992481
2.395730
16.237909
16.244328
7.195913
16.925123
17.540733
10.984055
16.432215
16.104382
6.308753
14.728365
18.593576
11.771974
12.178715
19.507500
14.129122
15.403486
17.190834
15.727701
19.703501
12.161242
19.380648
14.894128
12.543480
17.913898
18.797344
14.231172
14.873098
4.899000
16.394287
17.325199
18.810717
15.953195
15.740232
17.126783
6.425321
15.783696
12.584067
16.872684
16.831852
15.104041
16.295218
15.067717
11.120804
14.400095
19.002493
14.989866
17.416197
17.509277
21.175224
13.620003
14.789080
16.706541
17.122385
17.120024
8.054496
17.704336
12.595407
14.814227
16.453678
14.607461
19.570414
9.989985
16.191540
9.038155
17.420610
7.231303
14.640651
12.532049
8.393933
13.174227
17.960060
18.353954
20.343941
11.911444
17.577072
15.881767
8.402405
13.668828
14.056790
14.201732
8.198779
18.337225
16.065290
16.711298
10.477692
10.190415
16.586061
18.505171
16.334934
16.714725
15.200986
18.518810
19.808474
8.047671
11.786572
17.234198
20.295235
16.022305
11.230994
7.383702
17.623795
17.349216
16.338421
11.919250
20.512476
20.344711
];

data_spider=[16.189390
1.641545
19.550129
10.039704
17.014160
3.655640
16.509338
3.665420
3.892675
17.933706
17.848680
16.381697
14.648475
17.871328
-4.081242
16.973366
20.748505
11.355509
15.101168
15.443958
10.239444
2.209756
17.737453
14.732775
18.852133
14.525911
11.214888
18.472418
17.700085
10.478258
17.973837
16.362665
16.657534
20.215151
14.442493
15.396245
11.580621
16.147642
15.777524
14.559696
16.898273
19.431456
17.303467
16.228958
18.551287
15.451760
6.212922
17.282017
16.464464
14.699332
16.771461
23.025513
18.098906
11.291580
12.615431
7.968517
19.965357
10.462915
21.078432
23.347313
5.446873
11.647825
19.398235
15.561032
10.844997
14.585703
7.468886
15.533846
13.393716
10.958108
22.524345
15.300571
22.680838
11.952740
16.041040
10.258870
20.638718
12.905373
9.368695
11.562139
14.536316
22.837984
21.691748
13.747503
21.998055
20.331316
15.310928
10.968880
8.550622
11.087813
8.941470
14.579158
19.641439
10.700320
16.288710
16.312166
16.726637
13.040022
21.555361
12.756927
9.832827
12.537074
22.954779
12.254142
16.236282
15.048260
16.997562
14.358332
23.200459
14.528911
3.616663
10.132063
8.189794
14.996385
11.801188
21.462088
17.014864
21.175579
16.027964
5.302833
14.344937
14.476256
11.365662
12.254273
22.186970
5.947947
17.388647
20.550016
22.872105
13.206424
7.829342
20.152964
22.610910
7.269346
16.464064
22.063160
23.446507
13.794877
14.374664
11.667286
9.007266
17.070070
15.048983
13.774376
16.725044
17.438406
13.471981
6.403141
18.502720
];

data_black=[429.207886
211.314194
705.187073
180.118912
29.745436
537.289856
575.993103
375.411682
406.479431
182.643875
909.175354
35.134640
330.153137
1058.780029
376.962769
-5.475242
343.581512
921.358643
596.040466
603.752502
];

data_blue=[2097.572510
1334.754517
943.838867
1434.107422
1479.629761
1618.244873
2151.893799
2290.519531
367.050354
2173.535889
1985.206543
623.518372
1903.382080
677.846191
1331.702271
1890.671387
1512.736694
578.565857
1277.303345
761.593445
1058.516113
1026.811157
645.513489
344.045898
46.170879
597.563782
956.095459
832.894165
1016.291748
952.843201
385.349457
747.059937
22.703777
508.125427
722.353577
505.006927
62.619564
1790.552979
1018.846252
818.177246
236.166122
511.929199
798.442505
333.247101
1390.297485
1263.084839
995.668579
481.995880
225.731262
452.213348
589.401001
832.158325
981.387878
770.712280
2551.137695
991.614014
799.077515
731.823853
478.951538
1047.365479
1122.560669
2059.416504
1205.922607
38.897339
645.289246
810.057983
390.274139
804.420105
1121.989624
2319.755615
548.685181
535.483032
276.605225
355.163757
586.703308
65.772324
210.177750
567.396545
428.524841
323.663269
646.363770
592.827148
322.752197
361.546997
853.515991
678.173584
1054.875732
1151.571899
799.924683
515.401489
160.586761
638.578125
597.691345
235.806656
194.072739
361.605377
459.631531
515.274658
417.553925
447.252075
255.580414
247.336945
372.659210
386.991028
1268.863647
1111.848877
718.140015
886.507996
611.927368
317.221893
347.364471
277.750244
33.024567
963.499268
656.532410
570.547546
998.625061
244.670135
1241.563110
660.388123
1.132493
555.459473
947.083008
225.726059
396.443939
750.020264
261.366089
48.527824
59.444645
474.428955
870.744202
685.864868
96.749542
625.613953
978.104126
751.386414
1383.840576
785.099121
664.439514
1003.498535
758.483765
601.280273
333.388184
244.105591
137.168060
346.613892
340.658142
622.837219
204.915802
585.076843
587.731445
671.689453
535.857910
379.951813
209.916946
38.677567
315.766571
1013.361755
429.931152
1714.775269
];

